BTCUSDT spot, 1s bars, 7 days. Signal = net taker flow (buy minus sell volume) over the last k seconds,
known at the end of second t. Target = return over the next h seconds. Fee reference: 7.5 bps spot taker, 5 bps futures taker.

 k(s) h(s)    corr   hit% (top/bottom 10%)  mean next ret, top 10%  bottom 10%  |edge| in bps
    1    1   0.043                    58.4                   0.108      -0.110          0.109
    1    5   0.034                    59.5                   0.269      -0.279          0.274
    1   15   0.021                    58.0                   0.364      -0.369          0.366
    1   60   0.019                    54.2                   0.456      -0.431          0.443
    1  300   0.004                    51.4                   0.518      -0.133          0.326
    1  900   0.005                    50.9                   0.969       0.209          0.380
    5    1   0.036                    58.6                   0.074      -0.073          0.073
    5    5   0.036                    58.3                   0.209      -0.211          0.210
    5   15   0.024                    56.6                   0.276      -0.277          0.276
    5   60   0.032                    53.6                   0.345      -0.350          0.348
    5  300   0.003                    50.5                   0.368       0.132          0.118
    5  900   0.008                    50.3                   0.528       0.655         -0.064
   15    1   0.023                    54.9                   0.037      -0.037          0.037
   15    5   0.024                    54.4                   0.104      -0.099          0.102
   15   15   0.030                    53.6                   0.153      -0.184          0.169
   15   60   0.038                    51.4                   0.243      -0.250          0.246
   15  300  -0.000                    49.8                   0.279       0.222          0.029
   15  900   0.010                    49.4                   0.166       0.663         -0.248
   60    1   0.020                    52.3                   0.016      -0.016          0.016
   60    5   0.030                    51.7                   0.048      -0.049          0.049
   60   15   0.036                    50.8                   0.074      -0.084          0.079
   60   60   0.030                    48.2                   0.031       0.044         -0.007
   60  300  -0.011                    49.1                   0.015       0.375         -0.180
   60  900   0.012                    48.6                  -0.033       0.669         -0.351
  300    1   0.003                    50.9                   0.008      -0.001          0.005
  300    5   0.002                    50.7                   0.029       0.005          0.012
  300   15  -0.000                    50.1                   0.068       0.034          0.017
  300   60  -0.010                    49.7                   0.158       0.225         -0.033
  300  300  -0.016                    50.9                   0.577       0.465          0.056
  300  900   0.026                    49.0                   1.327       1.134          0.097
